List of all the match id's that gave exceptions during the querys.
This may have been caused due to error or due to querying the api to quickly for the
dev key's

5.11 Normal 5x5

Exception Count = 21
Exceptions = , 1852578540, 1852587093, 1852587597, 1852565563, 1852566333, 1852569296, 1852568694, 1852592305, 1852608202, 1852596289, 1852597907, 1852608444, 1852608479, 1852598711, 1852641803, 1852645510, 1852633095, 1852662485, 1852671861, 1852683288, 1852637967

5.11 Ranked
Exception Count = 181
Exceptions = , 1852573346, 1852578050, 1852581352, 1852583937, 1852584957, 1852564369, 1852565332, 1852565372, 1852571479, 1852575666, 1852576027, 1852584446, 1852585167, 1852585181, 1852586194, 1852576154, 1852582917, 1852585106, 1852566627, 1852579432, 1852587712, 1852587888, 1852589407, 1852591172, 1852600386, 1852610333, 1852586929, 1852587913, 1852588474, 1852568724, 1852568763, 1852577891, 1852578474, 1852589233, 1852590905, 1852591178, 1852600286, 1852600448, 1852604199, 1852604465, 1852609777, 1852600384, 1852600976, 1852608422, 1852608461, 1852622370, 1852640628, 1852608408, 1852608690, 1852616649, 1852617632, 1852618874, 1852619302, 1852630224, 1852630426, 1852630967, 1852633175, 1852616454, 1852620108, 1852620139, 1852622301, 1852641573, 1852641965, 1852644134, 1852606731, 1852608495, 1852623019, 1852634370, 1852633657, 1852635471, 1852623128, 1852625374, 1852626211, 1852634093, 1852642459, 1852644225, 1852660275, 1852624811, 1852626715, 1852636668, 1852636838, 1852637537, 1852644923, 1852670541, 1852662773, 1852649004, 1852662343, 1852662509, 1852663368, 1852663876, 1852669918, 1852679833, 1852629290, 1852629420, 1852629561, 1852661958, 1852663320, 1852663359, 1852674278, 1852660058, 1852671339, 1852681369, 1852661825, 1852663891, 1852664384, 1852665571, 1852665721, 1852673626, 1852674270, 1852674917, 1852675440, 1852683792, 1852668490, 1852668750, 1852673713, 1852676914, 1852686884, 1852692636, 1852666207, 1852666623, 1852666814, 1852666970, 1852679101, 1852679194, 1852679316, 1852686427, 1852688221, 1852688962, 1852691283, 1852700262, 1852701833, 1852702410, 1852703731, 1852711571, 1852667705, 1852668822, 1852669546, 1852670036, 1852690635, 1852692219, 1852702279, 1852711466, 1852712158, 1852714421, 1852679599, 1852689590, 1852690812, 1852693977, 1852710628, 1852710697, 1852715348, 1852700742, 1852700934, 1852703718, 1852704408, 1852707480, 1852708007, 1852712452, 1852693390, 1852694359, 1852694643, 1852702810, 1852703863, 1852707228, 1852707840, 1852715188, 1852696254, 1852696834, 1852698399, 1852699158, 1852713811, 1852697339, 1852699544, 1852705553, 1852706268, 1852706473, 1852716005, 1852731729, 1852698459, 1852698873, 1852704756


5.14 Normal 5x5

Exception Count = 26
Exceptions = , 1900763561, 1900766441, 1900774320, 1900780209, 1900759678, 1900762891, 1900763096, 1900766013, 1900775606, 1900775553, 1900769146, 1900769542, 1900809465, 1900813501, 1900808561, 1900820426, 1900832631, 1900788308, 1900813864, 1900850225, 1900834563, 1900834696, 1900843812, 1900844922, 1900845239, 1900845672

5.14 Ranked

Exception Count = 13
Exceptions = , 1900831065, 1900822335, 1900825659, 1900875538, 1900885061, 1900922450, 1900899678, 1900910114, 1900911484, 1900912368, 1900879499, 1900912297, 1900917257

